10937.000000
10718.000000
10921.000000
10702.000000
10733.000000
10749.000000
10765.000000
10718.000000
10609.000000
10718.000000
14702.000000
14686.000000
14686.000000
14780.000000
14671.000000
14640.000000
14624.000000
14796.000000
15202.000000
14608.000000
58638.000000
54201.000000
54216.000000
54248.000000
54170.000000
55216.000000
54794.000000
54779.000000
54154.000000
54529.000000
233695.000000
231476.000000
234179.000000
234679.000000
231882.000000
233085.000000
233648.000000
233804.000000
232398.000000
234663.000000
455703.000000
452546.000000
451296.000000
450937.000000
451812.000000
455343.000000
451625.000000
458421.000000
456546.000000
452375.00000014485.000000
19833.000000
